0.001
0
0
0
0
0
0
0
0
0
0
0.001
0
0
0
0.001
0
0
0.001
0
0.001
0
0.001
0.001
0
0.001
0.001
0.001
0.001
0.001
0.001
0.001
0.001
0.002
0.001
0.001
0.002
0.001
0.002
0.002
0.001
0.002
0.002
0.002
0.002
0.003
0.002
0.002
0.003
0.002
0.003
0.003
0.003
0.003
0.003
0.004
0.003
0.004
0.003
0.004
0.004
0.004
0.004
0.004
0.005
0.004
0.004
0.005
0.005
0.005
0.005
0.005
0.006
0.006
0.005
0.006
0.006
0.006
0.007
0.006
0.007
0.007
0.007
0.007
0.007
0.008
0.008
0.008
0.009
0.009
0.008
0.009
0.009
0.008
0.01
0.009
0.009
0.009
0.01
0.01
0.01
0.011
0.011
0.011
0.01
0.011
0.011
0.012
0.011
0.013
0.012
0.013
0.012
0.013
0.014
0.014
0.014
0.014
0.014
0.014
0.014
0.015
0.014
0.015
0.017
0.017
0.016
0.016
0.016
0.017
0.016
0.017
0.017
0.017
0.018
0.018
0.02
0.019
0.02
0.019
0.02
0.02
0.02
0.021
0.022
0.022
0.022
0.022
0.023
0.022
0.023
0.023
0.023
0.026
0.025
0.025
0.024
0.025
0.025
0.026
0.026
0.026
0.026
0.027
0.028
0.028
0.028
0.028
0.028
0.027
0.029
0.03
0.029
0.029
0.029
0.03
0.031
0.032
0.031
0.031
0.032
0.032
0.032
0.033
0.035
0.034
0.033
0.037
0.035
0.036
0.036
0.036
0.035
0.039
0.037
0.04
0.04
0.038
0.039
0.039
0.041
0.039
0.04
0.04
0.041
0.043
0.041
0.042
0.042
0.043
0.044
0.043
0.045
0.047
0.046
0.045
0.045
0.046
0.049
0.05
0.047
0.048
0.047
0.05
0.049
0.049
0.05
0.052
0.051
0.051
0.052
0.054
0.055
0.057
0.054
0.056
0.054
0.055
0.058
0.057
0.056
0.057
0.058
0.058
0.058
0.06
0.059
0.059
0.06
0.061
0.063
0.062
0.063
0.062
0.062
0.07
0.065
0.064
0.065
0.066
0.065
0.067
0.067
0.067
0.07
0.073
0.095
0.09
0.07
0.074
0.073
0.071
0.073
0.073
0.074
0.076
0.074
0.074
0.08
0.076
0.077
0.077
0.078
0.08
0.08
0.08
0.081
0.079
0.082
0.163
0.085
0.082
0.085
0.173
0.086
0.17
0.17
0.172
0.09
0.177
0.09
0.179
0.178
0.18
0.09
0.184
0.186
0.093
0.189
0.185
0.094
0.095
0.192
0.192
0.195
0.199
0.194
0.201
0.2
0.199
0.2
0.206
0.213
0.205
0.205
0.208
0.21
0.209
0.211
0.213
0.213
0.219
0.216
0.219
0.218
0.22
0.224
0.223
0.221
0.224
0.23
0.23
0.23
0.232
0.235
0.232
0.241
0.233
0.241
0.244
0.241
0.24
0.242
0.246
0.248
0.244
0.248
0.249
0.254
0.25
0.251
0.258
0.258
0.256
0.259
0.274
0.264
0.264
0.265
0.267
0.275
0.266
0.274
0.274
0.272
0.278
0.279
0.278
0.279
0.285
0.286
0.286
0.284
0.291
0.287
0.289
0.297
0.296
0.292
0.294
0.304
0.301
0.299
0.313
0.313
0.304
0.306
0.312
0.307
0.315
0.314
0.318
0.312
0.322
0.322
0.319
0.324
0.331
0.328
0.329
0.333
0.327
0.335
0.34
0.334
0.337
0.346
0.338
0.345
0.345
0.345
0.348
0.349
0.347
0.354
0.352
0.356
0.357
0.356
0.366
0.361
0.365
0.374
0.367
0.369
0.375
0.375
0.376
0.375
0.377
0.38
0.378
0.386
0.386
0.383
0.393
0.395
0.392
0.397
0.393
0.397
0.398
0.398
0.406
0.398
0.409
0.433
0.414
0.417
0.41
0.419
0.418
0.416
0.425
0.416
0.426
0.422
0.431
0.429
0.431
0.437
0.429
0.442
0.439
0.443
0.444
0.445
0.446
0.446
0.454
0.448
0.455
0.452
0.456
0.458
0.46
0.464
0.468
0.47
0.474
0.474
0.476
0.478
0.478
0.479
0.482
0.482
0.48
0.489
0.487
0.49
0.492
0.499
0.493
0.5
0.497
0.513
0.501
0.509
0.506
0.514
0.504
0.517
0.508
0.524
0.515
0.521
0.522
0.527
0.528
0.53
0.529
0.532
0.536
0.54
0.544
0.537
0.544
0.539
0.551
0.549
0.55
0.551
0.555
0.561
0.568
0.565
0.565
0.57
0.57
0.57
0.568
0.575
0.578
0.575
0.58
0.585
0.609
0.587
0.584
0.591
0.593
0.598
0.596
0.599
0.603
0.607
0.611
0.614
0.609
0.615
0.615
0.616
0.621
0.622
0.62
0.625
0.631
0.637
0.634
0.633
0.639
0.642
0.642
0.644
0.64
0.648
0.651
0.651
0.656
0.66
0.658
0.661
0.66
0.667
0.669
0.671
0.671
0.68
0.674
0.681
0.682
0.695
0.687
0.69
0.697
0.697
0.689
0.705
0.705
0.706
0.713
0.708
0.715
0.714
0.722
0.721
0.714
0.727
0.726
0.723
0.725
0.741
0.733
0.738
0.739
0.741
0.739
0.745
0.75
0.755
0.754
0.756
0.756
0.757
0.764
0.763
0.773
0.774
0.781
0.78
0.773
0.777
0.781
0.79
0.788
0.791
0.794
0.794
0.799
0.799
0.801
0.807
0.814
0.81
0.809
0.814
0.821
0.827
0.823
0.822
0.829
0.826
0.835
0.838
0.839
0.839
0.844
0.844
0.856
0.851
0.858
0.863
0.862
0.901
0.895
0.903
0.906
0.906
0.906
0.912
0.921
0.92
0.915
0.912
0.916
0.924
0.929
0.934
0.931
0.918
0.934
0.943
0.921
0.915
0.917
0.914
0.923
0.927
0.927
0.928
0.937
0.936
0.942
0.937
0.94
0.944
0.96
0.957
0.953
0.964
0.964
0.968
0.959
0.985
0.969
0.974
0.991
0.976
0.983
0.99
0.989
0.992
0.996
0.997
0.994
1.004
1.006
1.005
1.008
1.012
1.02
1.022
1.025
1.035
1.034
1.024
1.03
1.033
1.036
1.035
1.045
1.047
1.063
1.068
1.055
1.062
1.061
1.066
1.068
1.068
1.075
1.071
1.072
1.08
1.088
1.09
1.092
1.093
1.092
1.104
1.106
1.105
1.107
1.108
1.121
1.118
1.12
1.118
1.129
1.126
1.129
1.139
1.129
1.14
1.144
1.148
1.15
1.161
1.16
1.161
1.152
1.161
1.17
1.163
1.168
1.174
1.175
1.179
1.187
1.188
1.194
1.197
1.225
1.202
1.202
1.205
1.229
1.343
1.329
1.57
1.759
1.747
1.575
1.54
1.407
1.369
1.429
1.441
1.375
1.387
1.35
1.311
1.355
1.357
1.375
1.424
1.417
1.37
1.285
1.285
1.279
1.289
1.31
1.298
1.303
1.299
1.295
1.304
1.31
1.315
1.313
1.323
1.318
1.335
1.339
1.33
1.331
1.341
1.335
1.339
1.344
1.354
1.418
1.431
1.453
1.475
1.429
1.37
1.374
1.383
1.387
1.382
1.388
1.389
1.391
1.407
1.394
1.422
1.409
1.406
1.41
1.423
1.426
1.433
1.429
1.43
1.44
1.489
1.457
1.446
1.453
1.455
1.458
1.461
1.461
1.459
1.475
1.467
1.476
1.477
1.481
1.489
1.493
1.497
1.558
1.559
1.563
1.564
1.575
1.573
1.577
1.58
1.569
1.58
1.588
1.562
1.559
1.531
1.547
1.539
1.571
1.555
1.546
1.56
1.571
1.565
1.587
1.585
1.575
1.647
1.654
1.649
1.654
1.658
1.666
1.665
1.673
1.68
1.679
1.682
1.694
1.682
1.699
1.694
1.695
1.698
1.716
1.706
1.688
1.653
1.653
1.656
1.662
1.669
1.684
1.673
1.686
1.691
1.683
1.69
1.691
1.702
1.688
1.692
1.712
1.711
1.707
1.709
1.726
1.729
2.586
1.724
1.747
2.612
2.671
2.726
1.824
1.828
1.831
2.742
2.742
2.759
2.651
2.674
2.666
2.68
1.792
1.788
1.791
2.701
2.697
2.713
2.722
2.719
2.738
2.729
2.725
2.734
2.74
2.74
2.765
2.763
2.765
2.77
2.782
2.789
2.785
2.789
2.794
2.815
2.81
2.812
2.825
2.846
2.841
2.848
2.848
2.858
2.866
2.858
2.877
2.878
2.892
2.89
2.896
2.904
2.909
2.904
0
0
0
0
0
0
0
0
0
0
0
0
0
0
0
0
0
0
0
0
0
0
0
0
0
0
0
0
0
0
0
0
0
0
0
0
0
0
0
0
0
0
0
0
0
0
0
0
0
0
0
0
0
0
0
0
0
0
0
0
0
0
0
0
0
0
0
0
0
0
0
0
0
0
0
0
0
0
0
0
0
0
0
0
0
0
0
0
0
0
0
0
0
0
0
0
0
0
0
0
0
0
0
0
0
0
0
0
0
0
0
0
0
0
0
0
0
0
0
0
0
0
0
0
0
0
0
0
0
0
0
0
0
0
0
0
0
0
0
0
0
0
0
0
0
0
0
0
0
0
0
0
0
0
0
0
0
0
0
0
0
0
0
0
0
0
0
0
0
0
0
0
0
0
0
0
0
0
0
0
0
0
0
0
0
0
0
0
0
0
0
0
0
0
0
0
0
0
0
0
0
0
0
0
0
0
0
0
0
0
0
0
0
0
0
0
0
0
0
0
0
0
0
0
0
0
0
0
0
0
0
0
0
0
0
0
0
0
0
0
0
0
0
0
0
0
0
0
0
0
0
0
0
0
0
0
0
0
0
0
0
0
0
0
0
0
0
0
0
0
0
0
0
0
0
0
0
0
0
0
0
0
0
0
0
0
0
0
0
0
0
0
0
0
0
0
0
0
0
0
0
0
0
0
0
0
0
0
0
0
0
0
0
0
0
0
0
0
0
0
0
0
0
0
0
0
0
0
0
0
0
0
0
0
0
0
0
0
0
0
0
0
0
0
0
0
0
0
0
0
0
0
0
0
0
0
0
0
0
0
0
0
0
0
0
0
0
0
0
0
0
0
0
0
0
0
0
0
0
0
0
0
0
0
0
0
0
0
0
0
0
0
0
0
0
0
0
0
0
0
0
0
0
0
0
0
0
0
0
0
0
0
0
0
0
0
0
0
0
0
0
0
0
0
0
0
0
0
0
0
0
0
0
0
0
0
0
0
0
0
0
0
0
0
0
0
0
0
0
0
0
0
0
0
0
0
0
0
0
0
0
0
0
0
0
0
0
0
0
0
0
0
0
0
0
0
0
0
0
0
0
0
0
0
0
0
0
0
0
0
0
0
0
0
0
0
0
0
0
0
0
0
0
0
0
0
0
0
0
0
0
0
0
0
0
0
0
0
0
0
0
0
0
0
0
0
0
0
0
0
0
0
0
0
0
0
0
0
0
0
0
0
0
0
0
0
0
0
0
0
0
0
0
0
0
0
0
0
0
0
0
0
0
0
0
0
0
0
0
0
0
0
0
0
0
0
0
0
0
0
0
0
0
0
0
0
0
0
0
0
0
0
0
0
0
0
0
0
0
0
0
0
0
0
0
0
0
0
0
0
0
0
0
0
0
0
0
0
0
0
0
0
0
0
0
0
0
0
0
0
0
0
0
0
0
0
0
0
0
0
0
0
0
0
0
0
0
0
0
0
0
0
0
0
0
0
0
0
0
0
0
0
0
0
0
0
0
0
0
0
0
0
0
0
0
0
0
0
0
0
0
0
0
0
0
0
0
0
0
0
0
0
0
0
0
0
0
0
0
0
0
0
0
0
0
0
0
0
0
0
0
0
0
0
0
0
0
0
0
0
0
0
0
0
0
0
0
0
0
0
0
0
0
0
0
0
0
0
0
0
0
0
0
0
0
0
0
0
0
0
0
0
0
0
0
0
0
0
0
0
0
0
0
0
0
0
0
0
0
0
0
0
0
0
0
0
0
0
0
0
0
0
0
0
0
0
0
0
0
0
0
0
0
0
0
0
0
0
0
0
0
0
0
0
0
0
0
0
0
0
0
0
0
0
0
0
0
0
0
0
0
0
0
0
0
0
0
0
0
0
0
0
0
0
0
0
0
0
0
0
0
0
0
0
0
0
0
0
0
0
0
0
0
0
0
0
0
0
0
0
0
0
0
0
0
0
0
0
0
0
0
0
0
0
0
0
0
0
0
0
0
0
0
0
0
0
0
0
0
0
0
0
0
0
0
0
0
0
0
0
0
0
0
0
0
0
0
0
0
0
0
0
0
0
0
0
0
0
0
0
0
0
0
0
0
0
0
0
0
0
0
0
0
0
0
0
0
0
0
0
0
0
0
0
0
0
0
0
0
0
0
0
0
0
0
0
0
0
0
0
0
0
0
0
0
0
0
0
0
0
0
0
0
0
0
0
0
0
0
0
0
0
0
0
0
0
0
0
0
0
0
0
0
0
0
0
0
0
0
0
0
0
0
0
0
0
0
0
0
0
0
0
0
0
0
0
0
0
0
0
0
0
0
0
0
0
0
0
0
0
0
0
0
0
0
0
0
0
0
0
0
0
0
0
0
0
0
0
0
0
0
0
0
0
0
0
0
0
0
0
0
0
0
0
0
0
0
0
0
0
0
0
0
0
0
0
0
0
0
0
0
0
0
0
0
0
0
0
0
0
0
0
0
0
0
0
0
0
0
0
0
0
0
0
0
0
0
0
0
0
0
0
0
0
0
0
0
0
0
0
0
0
0
0
0
0
0
0
0
0
0
0
0
0
0
0
0
0
0
0
0
0
0
0
0
0
0
0
0
0
0
0
0
0
0
0
0
0
0
0
0
0
0
0
0
0
0
0
0
0
0
0
0
0
0
0
0
0
0
0
0
0
0
0
0
0
0
0
0
0
0
0
0
0
0
0
0
0
0
0
0
0
0
0
0
0
0
0
0
0
0
0
0
0
0
0
0
0
0
0
0
0
0
0
0
0
0
0
0
0
0
0
0
0
0
0
0
0
0
0
0
0
0
0
0
0
0
0
0
0
0
0
0
0
0
0
0
0
0
0
0
0
0
0
0
0
0
0
0
0
0
0
0
0
0
0
0
0
0
0
0
0
0
0
0
0
0
0
0
0
0
0
0
0
0
0
0
0
0
0
0
0
0
0
0
0
0
0
0
0
0
0
0
0
0
0
0
0
0
0
0
0
0
0
0
0
0
0
0
0
0
0
0
0
0
0
0
0
0
0
0
0
0
0
0
0
0
0
0
0
0
0
0
0
0
0
0
0
0
0
0
0
0
0
0
0
0
0
0
0
0
0
0
0
0
0
0
0
0
0
0
0
0
0
0
0
0
0
0
0
0
0
0
0
0
0
0
0
0
0
0
0
0
0
0
0
0
0
0
0
0
0
0
0
0
0
0
0
0
0
0
0
0
0
0
0
0
0
0
0
0
0
0
0
0
0
0
0
0
0
0
0
0
0
0
0
0
0
0
0
0
0
0
0
0
0
0
0
0
0
0
0
0
0
0
0
0
0
0
0
0
0
0
0
0
0
0
0
0
0
0
0
0
0
0
0
0
0
0
0
0
0
0
0
0
0
0
0
0
0
0
0
0
0
0
0
0
0
0
0
0
0
0
0
0
0
0
0
0
0
0
0
0
0
0
0
0
0
0
0
0
0
0
0
0
0
0
0
0
0
0
0
0
0
0
0
0
0
0
0
0
0
0
0
0
0
0
0
0
0
0
0
0
0
0
0
0
0
0
0
0
0
0
0
0
0
0
0
0
0
0
0
0
0
0
0
0
0
0
0
0
0
0
0
0
0
0
0
0
0
0
0
0
0
0
0
0
0
0
0
0
0
0
0
0
0
0
0
0
0
0
0
0
0
0
0
0
0
0
0
0
0
0
0
0
0
0
0
0
0
0
0
0
0
0
0
0
0
0
0
0
0
0
0
0
0
0
0
0
0
0
0
0
0
0
0
0
0
0
0
0
0
0
0
0
0
0
0
0
0
0
0
0
0
0
0
0
0
0
0
0
0
0
0
0
0
0
0
0
0
0
0
0
0
0
0
0
0
0
0
0
0
0
0
0
0
0
0
0
0
0
0
0
0
0
0
0
0
0
0
0
0
0
0
0
0
0
0
0
0
0
0
0
0
0
0
0
0
0
0
0
0
0
0
0
0
0
0
0
0
0
0
0
0
0
0
0
0
0
0
0
0
0
0
0
0
0
0
0
0
0
0
0
0
0
0
0
0
0
0
0
0
0
0
0
0
0
0
0
0
0
0
0
0
0
0
0
0
0
0
0
0
0
0
0
0
0
0
0
0
0
0
0
0
0
0
0
0
0
0
0
0
0
0
0
0
0
0
0
0
0
0
0
0
0
0
0
0
0
0
0
0
0
0
0
0
0
0
0
0
0
0
0
0
0
0
0
0
0
0
0
0
0
0
0
0
0
0
0
0
0
0
0
0
0
0
0
0
0
0
0
0
0
0
0
0
0
0
0
0
0
0
0
0
0
0
0
0
0
0
0
0
0
0
0
0
0
0
0
0
0
0
0
0
0
0
0
0
0
0
0
0
0
0
0
0
0
0
0
0
0
0
0
0
0
0
0
0
0
0
0
0
0
0
0
0
0
0
0
0
0
0
0
0
0
0
0
0
0
0
0
0
0
0
0
0
0
0
0
0
0
0
0
0
0
0
0
0
0
0
0
0
0
0
0
0
0
0
0
